rs162camera:
  pitch: -0.012406936060850526
  roll: -1.5592200914985441
  x: 0.1778221324815692
  y: 0.08717874092107872
  yaw: -1.5685307143558138
  z: -0.4390046281510897
