rs162camera:
  pitch: -0.7108650729754019
  roll: -89.33673057486862
  x: 0.1778221324815692
  y: 0.08717874092107872
  yaw: -89.87018996922822
  z: -0.4390046281510897
