%YAML:1.0
---
type: IMU
name: xsens
Gyr:
   unit: " rad/s"
   avg-axis:
      gyr_n: 4.9586274676171151e-04
      gyr_w: 1.0206680300609266e-05
   x-axis:
      gyr_n: 5.0247239242374878e-04
      gyr_w: 1.1950516847504207e-05
   y-axis:
      gyr_n: 4.1986543547397080e-04
      gyr_w: 1.2592272044817067e-05
   z-axis:
      gyr_n: 5.6525041238741490e-04
      gyr_w: 6.0772520095065207e-06
Acc:
   unit: " m/s^2"
   avg-axis:
      acc_n: 2.0507151510698461e-03
      acc_w: 6.4481562858638192e-05
   x-axis:
      acc_n: 1.8531707562754879e-03
      acc_w: 5.1601891616743229e-05
   y-axis:
      acc_n: 1.9930711423159823e-03
      acc_w: 7.2758752337034817e-05
   z-axis:
      acc_n: 2.3059035546180678e-03
      acc_w: 6.9084044622136516e-05
