%YAML:1.0
---
type: IMU
name: xsens
Gyr:
   unit: " rad/s"
   avg-axis:
      gyr_n: 4.9920617050092347e-04
      gyr_w: 1.0783937216938551e-05
   x-axis:
      gyr_n: 5.0190163919730903e-04
      gyr_w: 1.1761274232153422e-05
   y-axis:
      gyr_n: 4.3176916562650029e-04
      gyr_w: 1.4426123905563993e-05
   z-axis:
      gyr_n: 5.6394770667896087e-04
      gyr_w: 6.1644135130982389e-06
Acc:
   unit: " m/s^2"
   avg-axis:
      acc_n: 1.8695174841751093e-03
      acc_w: 6.0428222262666474e-05
   x-axis:
      acc_n: 1.7653519627019447e-03
      acc_w: 5.5941981085583147e-05
   y-axis:
      acc_n: 1.7811755918183622e-03
      acc_w: 4.9270440373162768e-05
   z-axis:
      acc_n: 2.0620248980050210e-03
      acc_w: 7.6072245329253494e-05
