imuAccBiasN: 6.448156285863819e-05
imuAccNoise: 0.002050715151069846
imuGyrBiasN: 1.0206680300609266e-05
imuGyrNoise: 0.0004958627467617115
