imuAccBiasN: 6.0428222262666474e-05
imuAccNoise: 0.0018695174841751093
imuGyrBiasN: 1.0783937216938551e-05
imuGyrNoise: 0.0004992061705009235
